tree
version=v4
num_class=1
num_tree_per_iteration=1
label_index=0
max_feature_idx=53
objective=lambdarank
feature_names=Column_0 Column_1 Column_2 Column_3 Column_4 Column_5 Column_6 Column_7 Column_8 Column_9 Column_10 Column_11 Column_12 Column_13 Column_14 Column_15 Column_16 Column_17 Column_18 Column_19 Column_20 Column_21 Column_22 Column_23 Column_24 Column_25 Column_26 Column_27 Column_28 Column_29 Column_30 Column_31 Column_32 Column_33 Column_34 Column_35 Column_36 Column_37 Column_38 Column_39 Column_40 Column_41 Column_42 Column_43 Column_44 Column_45 Column_46 Column_47 Column_48 Column_49 Column_50 Column_51 Column_52 Column_53
feature_infos=[0.001108963624574244:0.89906013011932373] [0.00088717089965939522:0.71924811601638794] [0.0013307563494890928:1.0788722038269043] [0:1] [0:1] [0.20000000298023224:0.69999998807907104] [0.10000000149011612:0.80000001192092896] none none none none none [0.20000000298023224:1] [0:0.30000001192092896] [0:0.5] [0.20000000298023224:1] [0.10109519958496094:0.49972507357597351] [0.10139543563127518:0.39961844682693481] [5.8688357967184857e-05:0.29981207847595215] [0.00013669928011950105:0.19946515560150146] none [0.10000000149011612:0.5] [0:0.30000001192092896] [0.10000000149011612:0.40000000596046448] none none none none [0.05000000074505806:0.60000002384185791] none none none [0.65058648586273193:0.9498785138130188] [0.60073399543762207:0.89994633197784424] none none none [0:1] none none [0:1] [0:1] [0.40000000596046448:0.80000001192092896] [0.30000001192092896:0.85000002384185791] [0.30000001192092896:0.69999998807907104] none none none none none none none none none
tree_sizes=3404 3366

Tree=0
num_leaves=31
num_cat=0
split_feature=0 3 12 0 12 21 33 21 19 0 19 0 0 19 0 0 0 16 0 18 18 21 17 32 16 32 28 28 17 16
split_gain=76.3626 6.98423 8.49087 4.07411 3.87068 3.51606 2.32053 1.80871 1.36619 0.761148 0.787334 0.699666 0.656581 0.976049 0.586775 0.574751 0.962668 0.865369 0.633829 0.562003 0.484329 0.478623 0.545669 0.475245 0.447437 0.407908 0.437698 0.462149 0.682127 0.404275
threshold=0.25224015116691595 1.0000000180025095e-35 0.50000000745058071 0.569806069135666 0.90000000596046459 0.30000000074505812 0.85876473784446727 0.30000000074505812 0.0016073848819360139 0.73238676786422741 0.10867404937744142 0.53937169909477245 0.10941227525472642 0.18066303431987765 0.80024102330207836 0.36723065376281744 0.31695471704006201 0.41904465854167944 0.40855979919433599 0.27477639913558966 0.10214078426361085 0.30000000074505812 0.35432824492454534 0.75970247387886058 0.36937054991722112 0.82009094953536998 0.47499999403953558 0.27500000596046453 0.2505010068416596 0.28082031011581426
decision_type=2 2 2 2 2 2 2 2 2 2 2 2 2 2 2 2 2 2 2 2 2 2 2 2 2 2 2 2 2 2
left_child=4 2 6 7 -1 8 9 11 -6 -2 -11 15 29 19 21 16 -4 20 -19 -14 -17 22 25 -21 -7 26 27 -5 -29 -10
right_child=1 -3 3 14 5 24 -8 -9 12 10 -12 -13 13 -15 -16 17 -18 18 -20 23 -22 -23 -24 -25 -26 -27 -28 28 -30 -31
leaf_value=-0.08748271786987083 -0.083670422888793811 0.094976670396179338 0.040503446451443985 0.05486837303580247 0.061728746110803492 0.0015967576855285368 0.062757509543987552 0.077582225052977474 -0.089983572676699222 -0.051537693820415675 0.070310820134431656 -0.069560919390073625 -0.05688146509270995 0.04466536175179029 0.093131972950805525 -0.00028135574881453995 -0.058207573695604468 0.089072492286787708 -0.055968394622331712 0.085443007636807233 0.05323004822787173 0.095693018353864664 0.021873911638738964 -0.055344274936593711 0.059700200515462966 0.085671658580448395 0.086244592375414708 -0.093625108643076271 0.041813712468093803 -0.060580880694176178
leaf_weight=11.754083854146302 1.4898416101932541 8.9104405269026774 0.39667374826967872 0.89941681176423871 0.23706577345728774 0.66649572923779554 0.43658241629600514 1.0686200708150861 1.9185082893818597 0.51766734942793835 0.17821458913385868 0.2967439293861388 3.37154420092702 0.28402314521372307 3.2617349103093147 0.59466383606195528 0.65456688869744539 0.089840643107890972 0.46615006495267153 0.13298406451940525 1.4635378848761318 1.1068425662815569 0.81101068481802929 0.10913325287401676 0.65889172442257404 1.6347840484231708 0.61847522109746922 0.15076985955238342 0.24247611686587334 2.9927720203995705
leaf_count=194 29 70 6 12 4 8 5 8 32 8 5 4 70 7 26 10 13 2 11 3 29 7 10 3 10 19 7 3 4 53
internal_value=1.78177e-10 0.0593519 0.039971 0.0556891 -0.0678382 -0.0455747 -0.0424839 0.0198536 -0.0567182 -0.0635051 -0.0203324 0.00428392 -0.0599059 -0.0445828 0.0763504 0.0102622 -0.0209601 0.0228176 -0.0325317 -0.0515974 0.0377693 0.0663322 0.0588734 0.0219838 0.0304818 0.0673358 0.0516512 0.0351 -0.0101133 -0.0720665
internal_weight=47.4146 25.2891 16.3786 13.7563 22.1255 10.3714 2.62231 5.0308 9.04603 2.18572 0.695882 3.96218 8.80896 3.89768 8.72551 3.66543 1.05124 2.61419 0.555991 3.61366 2.0582 5.46378 4.35693 0.242117 1.32539 3.54592 1.91114 1.29266 0.393246 4.91128
internal_count=672 288 218 171 384 190 47 83 172 42 13 75 168 83 88 71 19 52 13 76 39 62 55 6 18 45 26 19 7 85
is_linear=0
shrinkage=0.05


Tree=1
num_leaves=31
num_cat=0
split_feature=0 3 0 32 0 18 16 18 12 21 32 21 12 0 33 16 32 19 16 17 32 19 33 0 28 0 16 21 18 18
split_gain=185.934 50.2445 22.8957 10.5047 7.1913 6.97227 10.3331 10.1404 9.99538 7.94284 6.17158 5.8217 5.44366 7.07629 14.0123 4.95122 3.88905 4.34736 3.5854 3.81888 3.35892 2.80393 2.45173 2.24337 3.14026 2.18174 2.14937 4.87893 4.462 2.7468
threshold=0.31466968357563024 1.0000000180025095e-35 0.60227560997009288 0.67745050787925731 0.14457469433546069 0.081590469926595702 0.22169370949268344 0.075088854879140868 0.90000000596046459 0.30000000074505812 0.66488549113273632 0.30000000074505812 0.50000000745058071 0.74649506807327282 0.73557910323143016 0.24353952705860141 0.72503927350044262 0.11251885443925859 0.40125907957553869 0.15339454263448718 0.70627719163894664 0.064778730273246779 0.85460454225540172 0.88268861174583446 0.47499999403953558 0.6697492003440858 0.13625477254390719 0.30000000074505812 0.12649898231029513 0.21372112631797793
decision_type=2 2 2 2 2 2 2 2 2 2 2 2 2 2 2 2 2 2 2 2 2 2 2 2 2 2 2 2 2 2
left_child=4 2 3 10 -1 6 -4 18 9 16 -2 20 13 14 -3 -16 -7 23 19 -8 21 -6 -10 24 -18 -24 28 -28 -5 -29
right_child=1 12 5 26 11 8 7 -9 22 -11 -12 -13 -14 -15 15 -17 17 -19 -20 -21 -22 -23 25 -25 -26 -27 27 29 -30 -31
leaf_value=-0.07351953699085087 -0.057738029327314568 0.095014400180403899 -0.083245442410239873 -0.085351448340277039 0.057132191792196113 0.069037044779846388 -0.062051414693526132 -0.081791172740504958 0.083611554484386924 0.084518811608533778 0.088956930977903387 0.035331589073604362 0.090698617854786667 0.093878641114982342 0.092657088239050167 -0.089642450935749712 0.032795248978117239 -0.059643478647093434 -0.02755103806280956 0.080370752453427674 -0.057295967129208675 -0.039347913631155293 0.094496320009048118 0.080065924742019332 -0.068920460114446386 -0.021348342209881202 -0.052908534525023768 0.094600285547247157 0.056250726422139963 -0.022082084086077307
leaf_weight=49.602245628833771 0.95963220298290552 2.6547948718070966 2.6437860466539851 0.86335285007953944 1.2562081217765872 1.4369720220565776 0.51227492094039728 1.684285946190357 13.750600241124628 3.2035870552062997 2.8354595452547073 2.3528027012944213 34.702764600515366 4.8467115461826324 0.43636351823806796 2.5434087812900543 1.9985504671931267 3.7328601479530334 1.1398795470595358 5.7959329783916473 15.990391682833431 1.8801876604557035 0.63936616107821542 0.99506015330553044 1.2232377827167511 1.1156099736690519 16.908525925129656 0.89360862970352117 1.5643793642520902 1.1579711735248563
leaf_count=276 4 4 7 3 4 5 1 4 26 7 5 11 51 7 1 5 9 11 4 13 87 12 2 3 6 5 86 2 7 4
internal_value=1.22694e-10 0.0406571 0.0125252 -0.0247987 -0.0630541 0.0360988 0.00380331 0.0290036 0.0496353 0.0165393 0.0518634 -0.0388866 0.0811608 0.0495819 0.0114789 -0.0629462 -0.00666148 -0.0203446 0.0540583 0.068805 -0.0480162 -0.000705121 0.0765086 0.0144438 -0.00582383 0.0208557 -0.0384018 -0.0440736 0.005894 0.0287414
internal_weight=181.321 110.239 65.0549 25.1829 71.0818 39.872 11.7762 9.13237 28.0958 12.5903 3.79509 21.4796 45.184 10.4813 5.63457 2.97977 9.38668 7.94971 7.44809 6.30821 19.1268 3.1364 15.5056 4.21685 3.22179 1.75498 21.3878 18.9601 2.42773 2.05158
internal_count=672 282 214 111 390 103 29 22 74 41 9 114 68 17 10 6 34 29 18 14 103 16 33 18 15 7 102 92 10 6
is_linear=0
shrinkage=0.05


end of trees

feature_importances:
Column_0=15
Column_16=7
Column_18=6
Column_21=6
Column_32=6
Column_19=5
Column_12=4
Column_17=3
Column_28=3
Column_33=3
Column_3=2

parameters:
[boosting: gbdt]
[objective: lambdarank]
[metric: ndcg]
[tree_learner: serial]
[device_type: cpu]
[data_sample_strategy: bagging]
[data: ]
[valid: ]
[num_iterations: 100]
[learning_rate: 0.05]
[num_leaves: 31]
[num_threads: 6]
[seed: 42]
[deterministic: 0]
[force_col_wise: 0]
[force_row_wise: 0]
[histogram_pool_size: -1]
[max_depth: -1]
[min_data_in_leaf: 2]
[min_sum_hessian_in_leaf: 0.001]
[bagging_fraction: 1]
[pos_bagging_fraction: 1]
[neg_bagging_fraction: 1]
[bagging_freq: 0]
[bagging_seed: 400]
[bagging_by_query: 0]
[feature_fraction: 1]
[feature_fraction_bynode: 1]
[feature_fraction_seed: 30056]
[extra_trees: 0]
[extra_seed: 12879]
[early_stopping_round: 0]
[early_stopping_min_delta: 0]
[first_metric_only: 0]
[max_delta_step: 0]
[lambda_l1: 0]
[lambda_l2: 0]
[linear_lambda: 0]
[min_gain_to_split: 0]
[drop_rate: 0.1]
[max_drop: 50]
[skip_drop: 0.5]
[xgboost_dart_mode: 0]
[uniform_drop: 0]
[drop_seed: 17869]
[top_rate: 0.2]
[other_rate: 0.1]
[min_data_per_group: 100]
[max_cat_threshold: 32]
[cat_l2: 10]
[cat_smooth: 10]
[max_cat_to_onehot: 4]
[top_k: 20]
[monotone_constraints: ]
[monotone_constraints_method: basic]
[monotone_penalty: 0]
[feature_contri: ]
[forcedsplits_filename: ]
[refit_decay_rate: 0.9]
[cegb_tradeoff: 1]
[cegb_penalty_split: 0]
[cegb_penalty_feature_lazy: ]
[cegb_penalty_feature_coupled: ]
[path_smooth: 0]
[interaction_constraints: ]
[verbosity: 1]
[saved_feature_importance_type: 0]
[use_quantized_grad: 0]
[num_grad_quant_bins: 4]
[quant_train_renew_leaf: 0]
[stochastic_rounding: 1]
[linear_tree: 0]
[max_bin: 255]
[max_bin_by_feature: ]
[min_data_in_bin: 3]
[bin_construct_sample_cnt: 200000]
[data_random_seed: 175]
[is_enable_sparse: 1]
[enable_bundle: 1]
[use_missing: 1]
[zero_as_missing: 0]
[feature_pre_filter: 1]
[pre_partition: 0]
[two_round: 0]
[header: 0]
[label_column: ]
[weight_column: ]
[group_column: ]
[ignore_column: ]
[categorical_feature: ]
[forcedbins_filename: ]
[precise_float_parser: 0]
[parser_config_file: ]
[objective_seed: 16083]
[num_class: 1]
[is_unbalance: 0]
[scale_pos_weight: 1]
[sigmoid: 1]
[boost_from_average: 1]
[reg_sqrt: 0]
[alpha: 0.9]
[fair_c: 1]
[poisson_max_delta_step: 0.7]
[tweedie_variance_power: 1.5]
[lambdarank_truncation_level: 30]
[lambdarank_norm: 1]
[label_gain: 0,1,3,7,15,31]
[lambdarank_position_bias_regularization: 0]
[eval_at: 3,5,10]
[multi_error_top_k: 1]
[auc_mu_weights: ]
[num_machines: 1]
[local_listen_port: 12400]
[time_out: 120]
[machine_list_filename: ]
[machines: ]
[gpu_platform_id: -1]
[gpu_device_id: -1]
[gpu_device_id_list: ]
[gpu_use_dp: 0]
[num_gpu: 1]

end of parameters

pandas_categorical:null
